Pb-208(n,2n) ENDFB-8.0
Energy(eV) XS(b)
       7.40361            0 
           7.5  0.000867497 
           7.7    0.0223267 
             8     0.089225 
           8.2      0.16223 
           8.4     0.254826 
           8.5     0.307882 
           8.6       0.3634 
           8.8     0.478408 
             9     0.603151 
           9.2      0.73841 
           9.4     0.875673 
           9.6      1.00736 
           9.8      1.13425 
            10      1.25678 
          10.5      1.52185 
            11       1.7223 
          11.5      1.87387 
            12      1.98407 
          12.5      2.06825 
            13      2.13163 
          13.5      2.17932 
       14.1741      2.22786 
          14.5      2.24533 
            15      2.26204 
          15.5      2.26318 
            16      2.24709 
          16.5      2.20499 
            17      2.12287 
          17.5      2.00926 
            18      1.86485 
            19      1.53307 
            20      1.20991 