Pb-206(n,2n) ENDFB-8.0
Energy(eV) XS(b)
        8.1278            0 
           8.5    0.0834296 
             9     0.363711 
           9.5     0.712125 
            10      1.07592 
          10.5      1.39759 
            11      1.64991 
          11.5      1.83992 
            12      1.96943 
          12.5      2.05989 
            13      2.12295 
          13.5      2.16654 
            14      2.19711 
          14.5       2.2183 
            15      2.23167 
            16      2.23362 
            17      2.16301 
            18      1.96394 
            19      1.62881 
            20      1.24881 
