Th-232(n,f) ENDFB-8.0
Energy(eV) XS(b)
            4000      0 
            4000      3.79906e-6 
            4500      3.59674e-6 
            5000      3.42365e-6 
            6000      3.14572e-6 
            7000      2.93071e-6 
            8000      2.75349e-6 
            9000      2.59957e-6 
           10000      2.4831e-6 
           15000      1.97256e-6 
           20000      1.62426e-6 
           25000      1.36579e-6 
           30000      1.17092e-6 
           35000      1.02246e-6 
           40000      9.11273e-7 
           45000      8.26961e-7 
           49000      7.74357e-7 
           50000      7.5852e-7 
           51000      7.37721e-7 
           55000      6.72671e-7 
           60000      6.07819e-7 
           70000      5.24248e-7 
           80000      4.82707e-7 
           90000      4.6412e-7 
          100000      4.60109e-7 
          110000      4.62944e-7 
          120000      4.50215e-7 
          130000      4.23283e-7 
          140000      3.87716e-7 
          144000      3.77616e-7 
          150000      3.66749e-7 
          160000      3.56963e-7 
          175000      3.51978e-7 
          190000      3.56824e-7 
          200000      3.6422e-7 
          250000      4.55462e-7 
          300000      7.22646e-7 
          350000      2.19085e-6 
          400000      1.02245e-5 
          450000      4.40159e-6 
          500000      4.72642e-6 
          550000      5.52668e-6 
          600000      8.1066e-6 
          650000      2.44631e-5 
          700000      4.85839e-5 
          750000      0.000186846 
          800000      0.00060077 
          850000      0.000577718 
          900000      0.000352004 
          950000      0.000908402 
           1e+06      0.00141715 
         1.1e+06      0.000991584 
        1.14e+06      0.00130288 
         1.2e+06      0.0033709 
        1.24e+06      0.00752609 
         1.3e+06      0.0208015 
        1.35e+06      0.0447975 
         1.4e+06      0.0579389 
        1.46e+06      0.0616207 
         1.5e+06      0.0636599 
        1.52e+06      0.0757119 
        1.56e+06      0.11119 
        1.58e+06      0.126667 
         1.6e+06      0.120198 
        1.62e+06      0.101869 
        1.66e+06      0.0731443 
        1.67e+06      0.0761645 
         1.7e+06      0.0952113 
        1.72e+06      0.0910311 
        1.76e+06      0.0694591 
        1.78e+06      0.0695873 
         1.8e+06      0.0752441 
        1.82e+06      0.0903489 
        1.86e+06      0.110565 
        1.88e+06      0.114678 
         1.9e+06      0.112934 
        1.92e+06      0.107514 
        1.96e+06      0.11514 
           2e+06      0.120007 
        2.02e+06      0.117819 
        2.06e+06      0.120918 
        2.08e+06      0.124303 
         2.1e+06      0.123797 
        2.12e+06      0.130218 
        2.14e+06      0.134638 
        2.16e+06      0.141985 
         2.2e+06      0.142523 
        2.22e+06      0.139497 
        2.24e+06      0.131981 
        2.26e+06      0.130533 
        2.28e+06      0.122721 
        2.34e+06      0.110908 
        2.36e+06      0.109582 
         2.4e+06      0.110262 
         2.5e+06      0.117751 
         2.6e+06      0.122196 
        2.75e+06      0.12695 
        2.85e+06      0.131114 
           3e+06      0.133685 
         3.2e+06      0.137572 
        3.55e+06      0.141519 
        3.75e+06      0.143027 
           4e+06      0.144208 
        4.25e+06      0.144352 
         4.5e+06      0.145406 
           5e+06      0.146703 
        5.75e+06      0.143656 
         6.1e+06      0.161436 
         6.4e+06      0.253835 
         6.8e+06      0.355729 
           7e+06      0.385091 
        7.25e+06      0.397123 
         7.5e+06      0.399731 
        7.75e+06      0.389031 
           8e+06      0.369293 
         8.5e+06      0.349494 
         9.5e+06      0.322751 
           1e+07      0.317863 
        1.05e+07      0.313792 
         1.1e+07      0.312702 
         1.2e+07      0.3044 
        1.22e+07      0.302373 
         1.3e+07      0.308214 
        1.36e+07      0.331679 
        1.41e+07      0.360686 
        1.47e+07      0.391171 
         1.5e+07      0.41359 
        1.55e+07      0.438975 
         1.6e+07      0.454188 
        1.65e+07      0.461157 
         1.7e+07      0.464929 
        1.77e+07      0.476758 
         1.8e+07      0.482775 
         1.9e+07      0.492043 
           2e+07      0.527405 
         2.1e+07      0.601014 
         2.2e+07      0.67644 
         2.3e+07      0.697361 
         2.4e+07      0.704602 
         2.5e+07      0.695011 
         2.6e+07      0.690107 
         2.8e+07      0.70383 
           3e+07      0.751983 
         3.4e+07      0.80385 
         3.6e+07      0.813563 
         3.8e+07      0.852913 
           4e+07      0.886802 
         4.2e+07      0.893856 
         4.4e+07      0.880154 
         4.6e+07      0.890302 
         4.8e+07      0.906133 
           5e+07      0.909842 
         5.1e+07      0.918486 
         5.3e+07      0.913908 
         5.7e+07      0.924248 
           6e+07      0.935185 
