Be-9(n,2n) ENDFB-8.0
Energy(eV) XS(b)
     1.74883e+06      0 
         1.8e+06      0.0001 
         1.9e+06      0.0008667 
           2e+06      0.0022 
         2.1e+06      0.0044 
         2.2e+06      0.008 
         2.7e+06      0.033 
         2.9e+06      0.27 
         3.1e+06      0.37 
         3.3e+06      0.427 
         3.5e+06      0.468 
         3.9e+06      0.51 
         4.3e+06      0.527 
         4.8e+06      0.54 
         5.4e+06      0.55 
         5.9e+06      0.557 
           7e+06      0.559 
           9e+06      0.547 
        1.07e+07      0.53 
        1.31e+07      0.5 
         1.6e+07      0.455 
         1.8e+07      0.418 
           2e+07      0.375 
