Li-6(n,t) ENDFB-8.0
Energy(eV) XS(b)
      1e-05   47181.6 
1.10304e-05   44923.9 
1.21669e-05   42774.2 
1.34206e-05   40727.4 
1.48034e-05   38778.6 
1.63287e-05   36923 
1.80111e-05   35156.2 
1.98669e-05   33474 
2.19139e-05   31872.2 
2.41719e-05   30347.1 
2.66625e-05   28895 
2.94097e-05   27512.3 
  3.244e-05   26195.8 
3.57825e-05   24942.3 
3.94694e-05   23748.8 
4.35362e-05   22612.4 
4.80221e-05   21530.4 
5.29701e-05   20500.1 
 5.8428e-05   19519.2 
6.44483e-05   18585.2 
7.10888e-05   17695.9 
7.84136e-05   16849.1 
8.64931e-05   16042.9 
9.54051e-05   15275.2 
0.000105235   14544.3 
0.000116078   13848.3 
0.000128039   13185.6 
0.000141231   12554.7 
0.000155784   11953.9 
0.000171835   11381.9 
 0.00018954   10837.3 
 0.00020907   10318.7 
0.000230612   9824.97 
0.000254374   9354.84 
0.000280584   8907.2 
0.000309494   8480.98 
0.000341383   8075.16 
0.000376558   7688.75 
0.000415358   7320.84 
0.000458155   6970.53 
0.000505362   6636.99 
0.000557433   6319.4 
0.000614869   6017.01 
0.000678223   5729.09 
0.000748105   5454.95 
0.000825188   5193.92 
0.000910213   4945.39 
   0.001004   4708.75 
 0.00110745   4483.43 
 0.00122155   4268.89 
 0.00134742   4064.62 
 0.00148625   3870.13 
 0.00163939   3684.94 
 0.00180831   3508.61 
 0.00199463   3340.72 
 0.00220016   3180.86 
 0.00242685   3028.65 
 0.00267691   2883.73 
 0.00295273   2745.74 
 0.00325697   2614.35 
 0.00359256   2489.25 
 0.00396272   2370.14 
 0.00437103   2256.72 
 0.00482141   2148.74 
 0.00531819   2045.92 
 0.00586616   1948.02 
 0.00647059   1854.8 
  0.0071373   1766.05 
 0.00787271   1681.54 
 0.00868389   1601.08 
 0.00957865   1524.46 
  0.0105656   1451.51 
  0.0116543   1382.06 
  0.0128551   1315.92 
  0.0141796   1252.95 
  0.0156406   1193 
  0.0172522   1135.91 
  0.0190298   1081.55 
  0.0209906   1029.8 
  0.0231534   980.522 
  0.0252419   939.082 
     0.0253   938.003 
  0.0279068   893.117 
  0.0307823   850.379 
   0.033954   809.687 
  0.0374525   770.941 
  0.0413115   734.05 
  0.0455681   698.923 
  0.0502633   665.478 
  0.0554423   633.633 
  0.0611549   603.312 
  0.0674561   574.442 
  0.0744066   546.953 
  0.0820732   520.78 
  0.0905297   495.86 
  0.0998577   472.134 
   0.110147   449.546 
   0.121496   428.043 
   0.134014   407.574 
   0.147823   388.092 
   0.163054   369.547 
   0.179855   351.892 
   0.198386   335.08 
   0.218827   319.067 
   0.241375   303.812 
   0.266245   289.281 
   0.293678   275.44 
   0.323938   262.256 
   0.357316   249.701 
   0.394132   237.749 
   0.434743   226.37 
   0.479537   215.54 
   0.528947   205.234 
   0.583448   195.42 
   0.643565   186.071 
   0.709876   177.165 
    0.78302   168.678 
     0.8637   160.592 
   0.952693   152.902 
    1.05086   145.588 
    1.15913   138.627 
    1.27857   131.991 
     1.4103   125.682 
    1.55562   119.667 
     1.7159   113.924 
    1.89271   108.471 
    2.08772   103.28 
    2.30284   98.3463 
    2.54012   93.6315 
    2.80184   89.1597 
    3.11233   84.5977 
    3.43302   80.5303 
    3.78675   76.6829 
    4.20618   72.7593 
    4.63957   69.2705 
    5.11762   65.9567 
    5.64492   62.8151 
    6.22656   59.7982 
    6.86813   56.9401 
     7.5758   54.2164 
    8.41533   51.4234 
    9.28242   48.9665 
    10.2389   46.6212 
    11.2938   44.3896 
    12.7218   41.816 
     13.935   39.9707 
    15.2631   38.1911 
    16.8358   36.3478 
    18.5705   34.6128 
    20.4839   32.9531 
    22.7539   31.2637 
    25.6308   29.4501 
     28.075   28.1549 
    30.3231   27.0863 
    33.4475   25.7795 
    36.6372   24.6369 
    39.5708   23.7079 
    43.3445   22.646 
    47.4757   21.6389 
    51.6389   20.7481 
    56.1672   19.8903 
    60.6676   19.1418 
    66.4498   18.285 
    72.2769   17.5339 
     78.615   16.8114 
    86.1121   16.0596 
    93.6634   15.3973 
     102.59   14.7125 
    111.587   14.1041 
    120.528   13.5725 
    132.015   12.965 
    143.592   12.4322 
    156.184   11.9192 
    171.078   11.3859 
    187.384   10.8795 
    203.816   10.4306 
    223.252   9.96503 
    241.129   9.58949 
    264.124   9.15981 
    287.285   8.78318 
    312.478   8.42057 
     342.26   8.04384 
      374.9   7.68568 
    407.775   7.36905 
    449.791   7.01502 
    489.234   6.72575 
    532.136   6.44797 
    578.799   6.18331 
    638.437   5.88425 
    684.762   5.68411 
     744.81   5.44737 
    833.143   5.14976 
    899.855   4.95563 
    978.765   4.75106 
    1064.59   4.55476 
     1149.9   4.38245 
    1277.26   4.15675 
    1369.94   4.01545 
    1490.07   3.84831 
    1666.79   3.63815 
    1800.35   3.50099 
    1958.22   3.3566 
    2129.94   3.21823 
    2300.49   3.09697 
    2555.43   2.93792 
    2740.85   2.83839 
     2981.2   2.72065 
    3334.76   2.57255 
    3601.79   2.47595 
    3890.38   2.38227 
    4291.23   2.26822 
    4700.23   2.16771 
    5076.84   2.08583 
    5522.04   2.00112 
    6176.95   1.89337 
    6755.01   1.81158 
    7451.03   1.7258 
    8302.98   1.63587 
    8968.26   1.57506 
     9754.7   1.51117 
    10610.1   1.45066 
    11540.5   1.39361 
    12838.1   1.32381 
    13769.6   1.28074 
    14954.5   1.23059 
      16606   1.17011 
    18062.2   1.12418 
    19784.6   1.07567 
    22445.9   1.01593 
    25095.1   0.965839 
    27104.5   0.932899 
    29897.3   0.891975 
    32922.5   0.857128 
      36416   0.82169 
    40282.2   0.787917 
    45672.2   0.752228 
    50352.7   0.725584 
    60411.4   0.685636 
    70476.7   0.661155 
    80564.3   0.64876 
      90000   0.646484 
     100000   0.654106 
     110000   0.672274 
     120000   0.702339 
     130000   0.746603 
     140000   0.808548 
     150000   0.89319 
     160000   1.00754 
     170000   1.16108 
     179799   1.36155 
     184908   1.48901 
     190000   1.63458 
     195000   1.79618 
     200000   1.97598 
     205000   2.17204 
     216517   2.65283 
     220000   2.79437 
     225000   2.97436 
     230000   3.11475 
     233000   3.17261 
     235000   3.19979 
     236000   3.21076 
     239000   3.22457 
     242372   3.21157 
     245000   3.18181 
     248000   3.13009 
     250000   3.08466 
     255000   2.94224 
     260000   2.7708 
     270000   2.39551 
     280000   2.03844 
     290000   1.73313 
     300000   1.48461 
     310000   1.28616 
     320000   1.12825 
     330000   1.00201 
     340000   0.900232 
     349661   0.820108 
     360000   0.749081 
     370000   0.692293 
     380000   0.644568 
     400000   0.569394 
     420000   0.513423 
     440000   0.470516 
     460000   0.436793 
     479745   0.410059 
     500000   0.387591 
     520000   0.369218 
     540000   0.35376 
     563950   0.338365 
     584091   0.327277 
     604232   0.317655 
     628747   0.307586 
     658186   0.297252 
     689594   0.28813 
     714883   0.282046 
     755291   0.273317 
     805643   0.264757 
     861992   0.257274 
     912697   0.251873 
     970199   0.246974 
1.02126e+06   0.243564 
1.11552e+06   0.238578 
1.21693e+06   0.234976 
1.32764e+06   0.232511 
1.43978e+06   0.231162 
    1.6e+06   0.230376 
   1.84e+06   0.231397 
1.93354e+06   0.230416 
2.01411e+06   0.228208 
2.11481e+06   0.224175 
2.26587e+06   0.216484 
2.53481e+06   0.200182 
   2.55e+06   0.199225 
    2.8e+06   0.174737 
    2.9e+06   0.165908 
      3e+06   0.158205 
3.12187e+06   0.150266 
3.22257e+06   0.144563 
3.32328e+06   0.139542 
3.42398e+06   0.13513 
3.52469e+06   0.131304 
3.62539e+06   0.128063 
    3.7e+06   0.125979 
3.82681e+06   0.124465 
    3.9e+06   0.123849 
4.12892e+06   0.120114 
4.33033e+06   0.116063 
4.46208e+06   0.112849 
    4.6e+06   0.108939 
    4.8e+06   0.102091 
    4.9e+06   0.0992824 
      5e+06   0.0969944 
  5.125e+06   0.0950435 
    5.2e+06   0.0943366 
    5.3e+06   0.0941044 
    5.4e+06   0.094315 
5.84091e+06   0.0969098 
      6e+06   0.0974894 
    6.2e+06   0.0967766 
    6.4e+06   0.09448 
    6.5e+06   0.0927363 
    6.6e+06   0.0901952 
    6.8e+06   0.0844079 
      7e+06   0.0764239 
    7.2e+06   0.0696402 
    7.4e+06   0.0639959 
    7.5e+06   0.061487 
    7.6e+06   0.0592409 
    7.8e+06   0.0554447 
      8e+06   0.0522046 
    8.2e+06   0.0494083 
    8.4e+06   0.0471377 
   8.55e+06   0.0458071 
    8.6e+06   0.045407 
    9.5e+06   0.0400002 
1.00476e+07   0.0378097 
1.01893e+07   0.0372427 
1.03331e+07   0.0366677 
1.04789e+07   0.0360846 
1.06267e+07   0.0354932 
1.07766e+07   0.0348935 
1.09287e+07   0.0342854 
    1.1e+07   0.034 
1.11552e+07   0.0336896 
1.13126e+07   0.0333749 
1.14722e+07   0.0330557 
   1.15e+07   0.033 
1.16622e+07   0.032351 
1.18268e+07   0.0316929 
1.19936e+07   0.0310255 
1.21628e+07   0.0303486 
1.23344e+07   0.0296623 
   1.25e+07   0.029 
1.26764e+07   0.0286473 
1.28552e+07   0.0282896 
1.30366e+07   0.0279269 
1.32205e+07   0.027559 
 1.3407e+07   0.027186 
1.35961e+07   0.0268077 
 1.3788e+07   0.0264241 
1.39825e+07   0.026035 
1.41798e+07   0.0256405 
1.43798e+07   0.0252404 
1.45827e+07   0.0248346 
1.47884e+07   0.0244232 
1.49971e+07   0.0240059 
    1.5e+07   0.024 
1.52116e+07   0.0237037 
1.54262e+07   0.0234033 
   1.55e+07   0.0233 
1.57187e+07   0.0229501 
1.59404e+07   0.0225953 
    1.6e+07   0.0225 
1.62257e+07   0.0220485 
1.64546e+07   0.0215907 
1.66868e+07   0.0211264 
1.69222e+07   0.0206556 
 1.7161e+07   0.0201781 
1.74031e+07   0.0196939 
1.76486e+07   0.0192028 
1.78976e+07   0.0187048 
    1.8e+07   0.0185 
1.82539e+07   0.0180429 
   1.85e+07   0.0176 
 1.8761e+07   0.0171824 
    1.9e+07   0.0168 
1.92681e+07   0.0163175 
1.95399e+07   0.0158282 
1.98156e+07   0.015332 
      2e+07   0.015 