Pb-207(n,2n) ENDFB-8.0
Energy(eV) XS(b)
       6.77063            0 
           6.8  0.000286491 
             7    0.0150425 
           7.2    0.0533808 
           7.4     0.115334 
           7.6     0.191517 
           7.8     0.280332 
             8     0.379748 
           8.5     0.671441 
             9     0.990419 
           9.5      1.29867 
            10      1.55964 
          10.5      1.75908 
            11      1.90407 
          11.5      2.00441 
            12      2.07264 
          12.5      2.11937 
            13      2.15217 
          13.5      2.17654 
            14      2.19491 
          14.5      2.20807 
            15      2.21668 
            16      2.19902 
            17      2.04592 
            18      1.73153 
            19      1.33786 
            20     0.986025 
