Pb-204(n,2n) ENDFB-8.0
Energy(eV) XS(b)
       8.43581            0 
           8.5   0.00213276 
             9     0.135371 
           9.5     0.399638 
            10     0.748553 
          10.5      1.10372 
            11      1.41446 
          11.5      1.66167 
            12      1.85061 
          12.5      1.98469 
            13      2.07774 
          13.5      2.14252 
            14      2.18741 
          14.5      2.21876 
            15      2.23892 
            16      2.25576 
            17      2.22751 
            18       2.1258 
            19      1.88324 
            20      1.52276 
