Natural Pb(n,2n) ENDFB-8.0 (Weighted Average)
Energy(eV) XS(b)
     6.77063e+06      0 
         6.8e+06      6.33145e-05 
           7e+06      0.00332439 
         7.2e+06      0.0117972 
         7.4e+06      0.0254888 
     7.40361e+06      0.0257927 
         7.5e+06      0.0343616 
         7.6e+06      0.0484021 
         7.7e+06      0.0638385 
         7.8e+06      0.0853375 
           8e+06      0.130678 
      8.1278e+06      0.1716 
         8.2e+06      0.198619 
         8.4e+06      0.283729 
     8.43581e+06      0.300236 
         8.5e+06      0.329855 
         8.6e+06      0.386928 
         8.8e+06      0.503155 
           9e+06      0.624483 
         9.2e+06      0.757675 
         9.4e+06      0.891918 
         9.5e+06      0.957578 
         9.6e+06      1.02213 
         9.8e+06      1.14871 
           1e+07      1.27301 
        1.05e+07      1.53848 
         1.1e+07      1.74072 
        1.15e+07      1.89157 
         1.2e+07      1.99825 
        1.25e+07      2.07636 
         1.3e+07      2.13332 
        1.35e+07      2.17511 
         1.4e+07      2.20603 
     1.41741e+07      2.21554 
        1.45e+07      2.23021 
         1.5e+07      2.24437 
        1.55e+07      2.24337 
         1.6e+07      2.23334 
        1.65e+07      2.18566 
         1.7e+07      2.117 
        1.75e+07      1.99803 
         1.8e+07      1.86292 
         1.9e+07      1.5179 
           2e+07      1.17419 
