origin  0.0000E+00  0.0000E+00  0.0000E+00 extent  6.0000E+02  6.0000E+02
origin  0.0000E+00  0.0000E+00  0.0000E+00 extent  3.6000E+03  3.6000E+03
basis  1.0000E+00  0.0000E+00  0.0000E+00  0.0000E+00  1.0000E+00  0.0000E+00
origin  6.1140E+02  1.5305E+01  0.0000E+00 extent  3.5593E+02  3.5593E+02
label 1 1 cel       
label 0 1 cel       
label 0 1 mat       
basis  0.0000E+00  1.0000E+00  0.0000E+00  0.0000E+00  0.0000E+00  1.0000E+00
origin  6.1140E+02  1.5305E+01  0.0000E+00 extent  1.7797E+03  1.7797E+03
origin  6.1140E+02 -6.1505E+00  2.0975E+01 extent  7.1520E+02  7.1520E+02
label 0 0 mat       
label 0 1 mat       
label 0 1 cel       
origin  6.1140E+02 -6.3101E+02  2.4040E+01 extent  9.4275E+01  9.4275E+01
origin  6.1140E+02 -6.3101E+02  2.4040E+01 extent  4.7137E+02  4.7137E+02
origin  6.1140E+02 -6.3101E+02  2.4040E+01 extent  2.3569E+03  2.3569E+03
origin  6.1140E+02 -7.5968E+01  2.5947E+03 extent  2.3569E+01  2.3569E+01
origin  6.1140E+02 -7.5968E+01  2.5947E+03 extent  1.1784E+02  1.1784E+02
origin  6.1140E+02 -7.5968E+01  2.5947E+03 extent  5.8922E+02  5.8922E+02
origin  6.1140E+02 -7.5968E+01  2.5947E+03 extent  2.9461E+03  2.9461E+03
origin  6.1140E+02 -7.5968E+01  2.5947E+03 extent  1.4730E+04  1.4730E+04
origin  6.1140E+02  1.4802E+01  1.7997E+02 extent  1.0419E+03  1.0419E+03
basis  1.0000E+00  0.0000E+00  0.0000E+00  0.0000E+00  1.0000E+00  0.0000E+00
basis  0.0000E+00  0.0000E+00  1.0000E+00  1.0000E+00  0.0000E+00  0.0000E+00
basis  0.0000E+00  1.0000E+00  0.0000E+00  0.0000E+00  0.0000E+00  1.0000E+00
origin  6.1140E+02  1.4802E+01  1.7997E+02 extent  5.2094E+03  5.2094E+03
origin  6.1140E+02  1.4802E+01  1.7997E+02 extent  2.6047E+04  2.6047E+04
origin  6.1140E+02  1.4802E+01  1.7997E+02 extent  1.3024E+05  1.3024E+05
origin  6.1140E+02  1.4802E+01  1.7997E+02 extent  3.2559E+04  3.2559E+04
origin  6.1140E+02  1.4802E+01  1.7997E+02 extent  8.1397E+03  8.1397E+03
origin  6.1140E+02  1.4802E+01  1.7997E+02 extent  2.0349E+03  2.0349E+03
basis  0.0000E+00  0.0000E+00  1.0000E+00  1.0000E+00  0.0000E+00  0.0000E+00
origin  6.1358E+02  1.4802E+01 -7.3543E+01 extent  3.5539E+02  3.5539E+02
